9.065929999999999822e+00
9.088770000000000238e+00
9.168120000000000047e+00
1.002919999999999945e+01
1.093529999999999980e+01
9.984299999999999287e+00
1.359040000000000070e+01
1.535560000000000080e+01
1.812829999999999941e+01
1.765619999999999834e+01
1.798069999999999879e+01
1.993799999999999883e+01
2.050049999999999883e+01
2.123780000000000001e+01
2.232160000000000011e+01
2.012320000000000064e+01
2.332750000000000057e+01
2.651529999999999987e+01
2.538950000000000173e+01
2.472210000000000107e+01
2.475789999999999935e+01
2.545230000000000103e+01
2.573039999999999949e+01
2.419279999999999831e+01
2.395850000000000080e+01
2.795110000000000028e+01
2.972820000000000107e+01
3.321820000000000306e+01
3.592990000000000350e+01
3.361119999999999663e+01
3.101589999999999847e+01
3.164900000000000091e+01
3.250659999999999883e+01
3.373210000000000264e+01
3.565059999999999718e+01
3.698060000000000258e+01
3.524779999999999802e+01
3.134990000000000165e+01
2.793029999999999902e+01
2.610780000000000101e+01
2.599909999999999854e+01
2.715930000000000177e+01
2.874230000000000018e+01
3.008350000000000080e+01
3.084530000000000172e+01
2.997779999999999845e+01
2.864780000000000015e+01
2.614939999999999998e+01
2.153490000000000038e+01
2.086580000000000013e+01
2.036309999999999931e+01
1.951340000000000074e+01
1.846259999999999835e+01
1.745909999999999940e+01
1.638769999999999882e+01
1.569969999999999999e+01
1.707069999999999865e+01
1.757600000000000051e+01
1.718570000000000064e+01
1.605349999999999966e+01
1.498680000000000057e+01
1.358060000000000045e+01
1.208649999999999913e+01
1.112069999999999936e+01
1.024750000000000050e+01
9.379979999999999762e+00
8.893710000000000448e+00
8.820410000000000750e+00
8.613419999999999632e+00
8.353680000000000661e+00
8.026740000000000208e+00
7.609119999999999884e+00
7.112119999999999997e+00
6.719280000000000364e+00
6.269339999999999691e+00
6.077449999999999797e+00
6.080440000000000289e+00
6.076439999999999841e+00
6.066880000000000273e+00
6.036830000000000140e+00
5.988839999999999719e+00
5.922509999999999941e+00
5.834679999999999644e+00
5.773410000000000153e+00
5.774709999999999788e+00
5.838540000000000063e+00
5.893609999999999793e+00
5.929719999999999658e+00
5.948220000000000063e+00
5.953560000000000407e+00
5.952009999999999579e+00
5.950109999999999566e+00
5.953090000000000437e+00
5.963940000000000019e+00
5.983030000000000292e+00
6.008329999999999949e+00
6.036069999999999602e+00
6.061659999999999826e+00
6.080510000000000304e+00
6.088709999999999845e+00
6.083409999999999762e+00
6.063039999999999985e+00
6.027079999999999771e+00
5.975880000000000081e+00
5.910289999999999822e+00
5.831319999999999837e+00
5.739939999999999820e+00
5.636930000000000440e+00
5.522840000000000416e+00
5.398019999999999818e+00
5.262739999999999974e+00
5.117329999999999934e+00
4.962240000000000428e+00
4.798189999999999955e+00
4.626179999999999737e+00
4.447499999999999787e+00
4.263679999999999914e+00
4.076450000000000351e+00
3.887690000000000090e+00
3.699289999999999967e+00
3.513069999999999915e+00
3.330750000000000099e+00
3.153859999999999886e+00
2.983709999999999862e+00
2.821349999999999802e+00
2.667590000000000128e+00
2.522990000000000066e+00
2.463389999999999969e+00
2.421780000000000044e+00
2.374350000000000183e+00
2.321959999999999802e+00
2.265379999999999949e+00
2.205330000000000013e+00
2.142419999999999991e+00
2.077199999999999935e+00
2.016750000000000043e+00
1.970480000000000009e+00
1.921189999999999953e+00
1.869240000000000013e+00
1.814950000000000063e+00
1.758610000000000007e+00
1.700460000000000083e+00
1.657799999999999940e+00
1.629620000000000068e+00
1.601420000000000066e+00
1.573120000000000074e+00
1.544680000000000053e+00
1.516019999999999923e+00
1.487119999999999997e+00
1.457940000000000014e+00
1.428469999999999906e+00
1.398700000000000054e+00
1.411839999999999984e+00
1.433640000000000025e+00
1.457470000000000043e+00
1.483009999999999939e+00
1.509910000000000085e+00
1.537870000000000070e+00
1.566540000000000044e+00
1.595639999999999947e+00
1.624870000000000037e+00
1.653950000000000031e+00
1.682639999999999914e+00
1.710700000000000109e+00
1.737940000000000040e+00
1.764170000000000016e+00
1.789230000000000098e+00
1.813020000000000076e+00
1.835399999999999920e+00
1.856309999999999905e+00
1.875680000000000014e+00
1.893480000000000052e+00
1.909690000000000110e+00
1.924290000000000056e+00
1.937310000000000088e+00
1.948749999999999982e+00
1.958660000000000068e+00
1.967100000000000071e+00
1.974099999999999966e+00
1.979729999999999990e+00
1.984040000000000026e+00
1.987119999999999997e+00
1.989009999999999945e+00
1.989800000000000013e+00
1.989549999999999930e+00
1.988339999999999996e+00
1.986210000000000031e+00
1.983249999999999957e+00
1.979500000000000037e+00
1.975030000000000063e+00
1.969899999999999984e+00
1.964150000000000063e+00
1.957829999999999959e+00
1.950979999999999936e+00
1.943640000000000034e+00
1.935850000000000071e+00
1.927629999999999955e+00
1.919010000000000105e+00
1.910029999999999895e+00
1.900700000000000056e+00
1.891059999999999963e+00
1.881119999999999903e+00
1.870889999999999942e+00
1.860400000000000054e+00
1.849669999999999925e+00
1.838700000000000001e+00
1.827499999999999902e+00
1.816100000000000048e+00
1.804499999999999993e+00
1.792720000000000091e+00
1.780759999999999899e+00
1.768629999999999924e+00
1.756350000000000078e+00
1.743929999999999980e+00
1.731379999999999919e+00
1.718709999999999960e+00
1.705940000000000012e+00
1.693070000000000075e+00
1.680109999999999992e+00
1.667089999999999961e+00
1.654009999999999980e+00
1.640879999999999894e+00
1.627709999999999990e+00
1.614519999999999955e+00
1.601320000000000077e+00
1.588119999999999976e+00
1.574929999999999941e+00
1.561770000000000103e+00
1.548640000000000017e+00
1.535560000000000036e+00
1.522550000000000070e+00
1.509600000000000053e+00
1.496750000000000025e+00
1.483980000000000077e+00
1.471330000000000027e+00
1.458779999999999966e+00
1.446369999999999933e+00
1.434090000000000087e+00
1.421959999999999891e+00
1.409980000000000011e+00
1.398160000000000069e+00
1.386509999999999909e+00
1.375029999999999974e+00
1.363730000000000109e+00
1.352619999999999933e+00
1.341699999999999893e+00
1.330969999999999986e+00
1.320440000000000058e+00
1.310119999999999951e+00
1.300000000000000044e+00
1.290100000000000025e+00
1.280410000000000048e+00
1.270929999999999893e+00
1.261670000000000069e+00
1.252620000000000067e+00
1.243800000000000017e+00
1.235200000000000076e+00
1.226809999999999956e+00
1.218650000000000011e+00
1.210700000000000109e+00
1.202970000000000095e+00
1.195459999999999967e+00
1.188160000000000105e+00
1.181079999999999908e+00
1.174199999999999910e+00
1.167529999999999957e+00
1.161059999999999981e+00
1.154789999999999983e+00
1.148719999999999963e+00
1.142840000000000078e+00
1.137159999999999949e+00
1.131660000000000110e+00
1.126349999999999962e+00
1.121220000000000105e+00
1.116260000000000030e+00
1.111480000000000024e+00
1.106870000000000021e+00
1.102430000000000021e+00
1.098139999999999894e+00
1.094019999999999992e+00
1.090049999999999963e+00
1.086230000000000029e+00
1.082570000000000032e+00
1.079039999999999999e+00
1.075660000000000061e+00
1.072410000000000085e+00
1.069290000000000074e+00
1.066300000000000026e+00
1.063439999999999941e+00
1.060699999999999976e+00
1.058070000000000066e+00
1.055560000000000054e+00
1.053160000000000096e+00
1.050859999999999905e+00
1.048669999999999991e+00
1.046570000000000000e+00
1.044569999999999999e+00
1.042659999999999920e+00
1.042089999999999961e+00
1.042759999999999909e+00
1.043360000000000065e+00
1.043889999999999985e+00
1.044359999999999955e+00
1.044769999999999976e+00
1.045129999999999892e+00
1.045430000000000081e+00
1.045670000000000099e+00
1.045870000000000077e+00
1.046010000000000106e+00
1.046110000000000095e+00
1.046159999999999979e+00
1.046170000000000044e+00
1.046130000000000004e+00
1.046059999999999990e+00
1.045949999999999935e+00
1.045800000000000063e+00
1.045609999999999928e+00
1.045390000000000041e+00
1.045139999999999958e+00
1.044859999999999900e+00
1.044550000000000090e+00
1.044210000000000083e+00
1.044419999999999904e+00
1.045269999999999921e+00
1.046140000000000070e+00
1.047020000000000062e+00
1.047919999999999963e+00
1.048839999999999995e+00
1.049770000000000092e+00
1.050710000000000033e+00
1.051660000000000039e+00
1.052629999999999955e+00
1.053600000000000092e+00
1.054580000000000073e+00
1.055579999999999963e+00
1.056580000000000075e+00
1.057579999999999965e+00
1.058599999999999985e+00
1.059620000000000006e+00
1.060640000000000027e+00
1.061669999999999892e+00
1.062710000000000043e+00
1.063749999999999973e+00
1.064789999999999903e+00
1.065839999999999899e+00
1.066889999999999894e+00
1.067949999999999955e+00
1.069010000000000016e+00
1.070070000000000077e+00
1.071129999999999916e+00
1.072200000000000042e+00
1.073269999999999946e+00
1.074330000000000007e+00
1.075399999999999912e+00
1.076470000000000038e+00
1.077550000000000008e+00
1.078619999999999912e+00
1.079690000000000039e+00
1.080759999999999943e+00
1.081830000000000069e+00
1.082899999999999974e+00
1.083970000000000100e+00
1.085029999999999939e+00
1.086100000000000065e+00
1.087159999999999904e+00
1.088219999999999965e+00
1.089280000000000026e+00
1.090330000000000021e+00
1.091380000000000017e+00
1.092430000000000012e+00
1.093469999999999942e+00
1.094510000000000094e+00
1.095539999999999958e+00
1.096570000000000045e+00
1.097590000000000066e+00
1.098610000000000086e+00
1.099620000000000042e+00
1.100629999999999997e+00
1.101630000000000109e+00
1.102619999999999933e+00
1.103609999999999980e+00
1.104600000000000026e+00
1.105569999999999942e+00
1.106549999999999923e+00
1.107509999999999994e+00
1.108470000000000066e+00
1.109420000000000073e+00
1.110370000000000079e+00
1.111299999999999955e+00
1.112239999999999895e+00
1.113159999999999927e+00
1.114079999999999959e+00
1.114989999999999926e+00
1.115899999999999892e+00
1.116800000000000015e+00
1.117690000000000072e+00
1.118579999999999908e+00
1.119459999999999900e+00
1.120330000000000048e+00
1.121189999999999909e+00
1.122049999999999992e+00
1.122900000000000009e+00
1.123750000000000027e+00
1.124579999999999913e+00
1.125410000000000021e+00
1.126230000000000064e+00
1.127050000000000107e+00
1.127860000000000085e+00
1.128659999999999997e+00
1.129450000000000065e+00
1.130239999999999911e+00
1.131010000000000071e+00
1.131780000000000008e+00
1.132549999999999946e+00
1.133299999999999974e+00
1.134039999999999937e+00
1.134779999999999900e+00
1.135510000000000019e+00
1.136230000000000073e+00
1.136940000000000062e+00
1.137650000000000050e+00
1.138339999999999907e+00
1.139029999999999987e+00
1.139710000000000001e+00
1.140379999999999949e+00
1.141040000000000054e+00
1.141690000000000094e+00
1.142330000000000068e+00
1.142959999999999976e+00
1.143590000000000106e+00
1.144200000000000106e+00
1.144810000000000105e+00
1.145399999999999974e+00
1.145990000000000064e+00
1.146570000000000089e+00
1.147140000000000049e+00
1.147690000000000099e+00
1.148239999999999927e+00
1.148779999999999912e+00
1.149319999999999897e+00
1.149839999999999973e+00
1.150349999999999984e+00
1.150859999999999994e+00
1.151350000000000096e+00
1.151839999999999975e+00
1.152309999999999945e+00
1.152779999999999916e+00
1.153240000000000043e+00
1.153690000000000104e+00
1.154130000000000100e+00
1.154560000000000031e+00
1.154989999999999961e+00
1.155399999999999983e+00
1.155810000000000004e+00
1.156209999999999960e+00
1.156600000000000072e+00
1.156979999999999897e+00
1.157359999999999944e+00
1.157720000000000082e+00
1.158079999999999998e+00
1.158430000000000071e+00
1.158770000000000078e+00
1.159110000000000085e+00
1.159429999999999961e+00
1.159750000000000059e+00
1.160069999999999935e+00
1.160369999999999902e+00
1.160670000000000091e+00
1.160959999999999992e+00
1.161240000000000050e+00
1.161510000000000042e+00
1.161780000000000035e+00
1.162039999999999962e+00
1.162290000000000045e+00
1.162539999999999907e+00
1.162779999999999925e+00
1.163010000000000099e+00
1.163229999999999986e+00
1.163450000000000095e+00
1.163659999999999917e+00
1.163869999999999960e+00
1.164069999999999938e+00
1.164260000000000073e+00
1.164439999999999920e+00
1.164619999999999989e+00
1.164789999999999992e+00
1.164949999999999930e+00
1.165110000000000090e+00
1.165259999999999962e+00
1.165399999999999991e+00
1.165540000000000020e+00
1.165669999999999984e+00
1.165799999999999947e+00
1.165910000000000002e+00
1.166029999999999900e+00
1.166130000000000111e+00
1.166230000000000100e+00
1.166320000000000023e+00
1.166409999999999947e+00
1.166490000000000027e+00
1.166560000000000041e+00
1.166630000000000056e+00
1.166690000000000005e+00
1.166749999999999954e+00
1.166800000000000059e+00
1.166840000000000099e+00
1.166879999999999917e+00
1.166909999999999892e+00
1.166940000000000088e+00
1.166959999999999997e+00
1.166979999999999906e+00
1.166979999999999906e+00
1.166989999999999972e+00
1.166989999999999972e+00
1.166979999999999906e+00
1.166970000000000063e+00
1.166949999999999932e+00
1.166919999999999957e+00
1.166900000000000048e+00
1.166860000000000008e+00
1.166819999999999968e+00
1.166779999999999928e+00
1.166730000000000045e+00
1.166679999999999939e+00
1.166619999999999990e+00
1.166560000000000041e+00
1.166490000000000027e+00
1.166420000000000012e+00
1.166339999999999932e+00
1.166260000000000074e+00
1.166179999999999994e+00
1.166090000000000071e+00
1.165990000000000082e+00
1.165899999999999936e+00
1.165799999999999947e+00
1.165689999999999893e+00
1.165580000000000060e+00
1.165470000000000006e+00
1.165350000000000108e+00
1.165229999999999988e+00
1.165110000000000090e+00
1.164979999999999905e+00
1.164849999999999941e+00
1.164719999999999978e+00
1.164579999999999949e+00
1.164439999999999920e+00
1.164299999999999891e+00
1.164160000000000084e+00
1.164009999999999989e+00
1.163859999999999895e+00
1.163699999999999957e+00
1.163550000000000084e+00
1.163389999999999924e+00
1.163219999999999921e+00
1.163059999999999983e+00
1.162889999999999979e+00
1.162719999999999976e+00
1.162549999999999972e+00
1.162379999999999969e+00
1.162199999999999900e+00
1.162020000000000053e+00
1.161839999999999984e+00
1.161659999999999915e+00
1.161480000000000068e+00
1.161289999999999933e+00
1.161100000000000021e+00
1.160910000000000108e+00
1.160719999999999974e+00
1.160530000000000062e+00
1.160330000000000084e+00
1.160139999999999949e+00
1.159939999999999971e+00
1.159739999999999993e+00
1.159529999999999950e+00
1.159329999999999972e+00
1.159119999999999928e+00
1.158919999999999950e+00
1.158709999999999907e+00
1.158500000000000085e+00
1.158290000000000042e+00
1.158079999999999998e+00
1.157859999999999889e+00
1.157650000000000068e+00
1.157429999999999959e+00
1.157219999999999915e+00
1.157000000000000028e+00
1.156779999999999919e+00
1.156560000000000032e+00
1.156330000000000080e+00
1.156109999999999971e+00
1.155890000000000084e+00
1.155659999999999910e+00
1.155429999999999957e+00
1.155210000000000070e+00
1.154979999999999896e+00
1.154749999999999943e+00
1.154519999999999991e+00
1.154279999999999973e+00
1.154050000000000020e+00
1.153820000000000068e+00
1.153580000000000050e+00
1.153350000000000097e+00
1.153110000000000079e+00
1.152870000000000061e+00
1.152630000000000043e+00
1.152400000000000091e+00
1.152160000000000073e+00
1.151909999999999989e+00
1.151669999999999972e+00
1.151429999999999954e+00
1.151189999999999936e+00
1.150940000000000074e+00
1.150700000000000056e+00
1.150449999999999973e+00
1.150209999999999955e+00
1.149960000000000093e+00
1.149720000000000075e+00
1.149469999999999992e+00
1.149219999999999908e+00
1.148970000000000047e+00
1.148719999999999963e+00
1.148470000000000102e+00
1.148220000000000018e+00
1.147969999999999935e+00
1.147720000000000073e+00
1.147469999999999990e+00
1.147210000000000063e+00
1.146959999999999980e+00
1.146709999999999896e+00
1.146449999999999969e+00
1.146200000000000108e+00
1.145950000000000024e+00
1.145690000000000097e+00
1.145440000000000014e+00
1.145180000000000087e+00
1.144919999999999938e+00
1.144670000000000076e+00
1.144409999999999927e+00
1.144160000000000066e+00
1.143899999999999917e+00
1.143639999999999990e+00
1.143389999999999906e+00
1.143129999999999979e+00
1.142870000000000053e+00
1.142619999999999969e+00
1.142360000000000042e+00
1.142099999999999893e+00
1.141850000000000032e+00
1.141590000000000105e+00
1.141329999999999956e+00
1.141080000000000094e+00
1.140819999999999945e+00
1.140560000000000018e+00
1.140309999999999935e+00
1.140050000000000008e+00
1.139799999999999924e+00
1.139539999999999997e+00
1.139289999999999914e+00
1.139029999999999987e+00
1.138770000000000060e+00
1.138519999999999976e+00
1.138269999999999893e+00
1.138009999999999966e+00
1.137760000000000105e+00
1.137499999999999956e+00
1.137250000000000094e+00
1.137000000000000011e+00
1.136749999999999927e+00
1.136490000000000000e+00
1.136239999999999917e+00
1.135990000000000055e+00
1.135739999999999972e+00
1.135490000000000110e+00
1.135240000000000027e+00
1.134989999999999943e+00
1.134749999999999925e+00
1.134500000000000064e+00
1.134249999999999980e+00
1.133999999999999897e+00
1.133760000000000101e+00
1.133510000000000018e+00
1.133270000000000000e+00
1.133019999999999916e+00
1.132779999999999898e+00
1.132540000000000102e+00
1.132300000000000084e+00
1.132050000000000001e+00
1.131809999999999983e+00
1.131569999999999965e+00
1.131329999999999947e+00
1.131089999999999929e+00
1.130859999999999976e+00
1.130619999999999958e+00
1.130379999999999940e+00
1.130149999999999988e+00
1.129909999999999970e+00
1.129680000000000017e+00
1.129450000000000065e+00
1.129210000000000047e+00
1.128980000000000095e+00
1.128749999999999920e+00
1.128519999999999968e+00
1.128290000000000015e+00
1.128060000000000063e+00
1.127830000000000110e+00
1.127610000000000001e+00
1.127380000000000049e+00
1.127159999999999940e+00
1.126929999999999987e+00
1.126710000000000100e+00
1.126489999999999991e+00
1.126260000000000039e+00
1.126039999999999930e+00
1.125820000000000043e+00
1.125599999999999934e+00
1.125380000000000047e+00
1.125170000000000003e+00
1.124949999999999894e+00
1.124730000000000008e+00
1.124519999999999964e+00
1.124300000000000077e+00
1.124090000000000034e+00
1.123879999999999990e+00
1.123669999999999947e+00
1.123450000000000060e+00
1.123240000000000016e+00
1.123040000000000038e+00
1.122829999999999995e+00
1.122619999999999951e+00
1.122409999999999908e+00
1.122209999999999930e+00
1.122000000000000108e+00
1.121799999999999908e+00
1.121590000000000087e+00
1.121390000000000109e+00
1.121189999999999909e+00
1.120989999999999931e+00
1.120789999999999953e+00
1.120589999999999975e+00
1.120389999999999997e+00
1.120190000000000019e+00
1.119990000000000041e+00
1.119799999999999907e+00
1.119599999999999929e+00
1.119399999999999951e+00
1.119210000000000038e+00
1.119019999999999904e+00
1.118819999999999926e+00
1.118630000000000013e+00
1.118440000000000101e+00
1.118249999999999966e+00
1.118060000000000054e+00
1.117869999999999919e+00
1.117680000000000007e+00
1.117499999999999938e+00
1.117310000000000025e+00
1.117119999999999891e+00
1.116940000000000044e+00
1.116749999999999909e+00
1.116570000000000062e+00
1.116389999999999993e+00
1.116200000000000081e+00
1.116020000000000012e+00
1.115839999999999943e+00
1.115660000000000096e+00
1.115480000000000027e+00
1.115299999999999958e+00
1.115119999999999889e+00
1.114940000000000042e+00
1.114770000000000039e+00
1.114589999999999970e+00
1.114409999999999901e+00
1.114239999999999897e+00
1.114060000000000050e+00
1.113890000000000047e+00
1.113720000000000043e+00
1.113539999999999974e+00
1.113369999999999971e+00
1.113199999999999967e+00
1.113029999999999964e+00
1.112859999999999960e+00
1.112689999999999957e+00
1.112519999999999953e+00
1.112349999999999950e+00
1.112179999999999946e+00
1.112009999999999943e+00
1.111850000000000005e+00
1.111680000000000001e+00
1.111520000000000064e+00
1.111350000000000060e+00
1.111189999999999900e+00
1.111019999999999897e+00
1.110859999999999959e+00
1.110700000000000021e+00
1.110530000000000017e+00
1.110370000000000079e+00
1.110209999999999919e+00
1.110049999999999981e+00
1.109890000000000043e+00
1.109730000000000105e+00
1.109569999999999945e+00
1.109410000000000007e+00
1.109250000000000069e+00
1.109099999999999975e+00
1.108940000000000037e+00
1.108780000000000099e+00
1.108630000000000004e+00
1.108470000000000066e+00
1.108319999999999972e+00
1.108160000000000034e+00
1.108009999999999939e+00
1.107860000000000067e+00
1.107699999999999907e+00
1.107550000000000034e+00
1.107399999999999940e+00
1.107250000000000068e+00
1.107099999999999973e+00
1.106950000000000101e+00
1.106800000000000006e+00
1.106649999999999912e+00
1.106500000000000039e+00
1.106349999999999945e+00
1.106200000000000072e+00
1.106060000000000043e+00
1.105909999999999949e+00
1.105769999999999920e+00
1.105620000000000047e+00
1.105469999999999953e+00
1.105329999999999924e+00
1.105189999999999895e+00
1.105040000000000022e+00
1.104899999999999993e+00
1.104759999999999964e+00
1.104619999999999935e+00
1.104470000000000063e+00
1.104330000000000034e+00
1.104190000000000005e+00
1.104049999999999976e+00
1.103909999999999947e+00
1.103769999999999918e+00
1.103639999999999954e+00
1.103499999999999925e+00
1.103359999999999896e+00
1.103220000000000089e+00
1.103089999999999904e+00
1.102950000000000097e+00
1.102819999999999911e+00
1.102680000000000105e+00
1.102549999999999919e+00
1.102409999999999890e+00
1.102279999999999927e+00
1.102149999999999963e+00
1.102009999999999934e+00
1.101879999999999971e+00
1.101750000000000007e+00
1.101620000000000044e+00
1.101490000000000080e+00
1.101359999999999895e+00
1.101229999999999931e+00
1.101099999999999968e+00
1.100970000000000004e+00
1.100840000000000041e+00
1.100719999999999921e+00
1.100589999999999957e+00
1.100459999999999994e+00
1.100340000000000096e+00
1.100209999999999910e+00
1.100090000000000012e+00
1.099960000000000049e+00
1.099839999999999929e+00
1.099720000000000031e+00
1.099590000000000067e+00
1.099469999999999947e+00
1.099350000000000049e+00
1.099229999999999929e+00
1.099110000000000031e+00
1.098989999999999911e+00
1.098870000000000013e+00
1.098749999999999893e+00
1.098629999999999995e+00
1.098510000000000097e+00
1.098389999999999977e+00
1.098270000000000080e+00
1.098160000000000025e+00
1.098039999999999905e+00
1.097930000000000073e+00
1.097809999999999953e+00
1.097699999999999898e+00
1.097580000000000000e+00
1.097469999999999946e+00
1.097350000000000048e+00
1.097239999999999993e+00
1.097129999999999939e+00
1.097020000000000106e+00
1.096910000000000052e+00
1.096789999999999932e+00
1.096680000000000099e+00
1.096570000000000045e+00
1.096459999999999990e+00
1.096360000000000001e+00
1.096249999999999947e+00
1.096139999999999892e+00
1.096030000000000060e+00
1.095930000000000071e+00
1.095820000000000016e+00
1.095709999999999962e+00
1.095609999999999973e+00
1.095499999999999918e+00
1.095399999999999929e+00
1.095290000000000097e+00
1.095190000000000108e+00
1.095089999999999897e+00
1.094980000000000064e+00
1.094880000000000075e+00
1.094780000000000086e+00
1.094680000000000097e+00
1.094580000000000108e+00
1.094479999999999897e+00
1.094379999999999908e+00
1.094279999999999919e+00
1.094179999999999930e+00
1.094079999999999941e+00
1.093979999999999952e+00
1.093890000000000029e+00
1.093790000000000040e+00
1.093690000000000051e+00
1.093599999999999905e+00
1.093499999999999917e+00
1.093409999999999993e+00
1.093310000000000004e+00
1.093220000000000081e+00
1.093120000000000092e+00
1.093029999999999946e+00
1.092940000000000023e+00
1.092850000000000099e+00
1.092750000000000110e+00
1.092659999999999965e+00
1.092570000000000041e+00
1.092479999999999896e+00
1.092389999999999972e+00
1.092300000000000049e+00
1.092209999999999903e+00
1.092119999999999980e+00
1.092030000000000056e+00
1.091949999999999976e+00
1.091860000000000053e+00
1.091769999999999907e+00
1.091679999999999984e+00
1.091599999999999904e+00
1.091509999999999980e+00
1.091429999999999900e+00
1.091339999999999977e+00
1.091259999999999897e+00
1.091169999999999973e+00
1.091089999999999893e+00
1.090999999999999970e+00
1.090919999999999890e+00
1.090840000000000032e+00
1.090759999999999952e+00
1.090670000000000028e+00
1.090589999999999948e+00
1.090510000000000090e+00
1.090430000000000010e+00
1.090349999999999930e+00
1.090270000000000072e+00
1.090189999999999992e+00
1.090109999999999912e+00
1.090030000000000054e+00
1.089949999999999974e+00
1.089879999999999960e+00
1.089800000000000102e+00
1.089720000000000022e+00
1.089639999999999942e+00
1.089569999999999927e+00
1.089490000000000069e+00
1.089409999999999989e+00
1.089339999999999975e+00
1.089259999999999895e+00
1.089190000000000103e+00
1.089110000000000023e+00
1.089040000000000008e+00
1.088969999999999994e+00
1.088889999999999914e+00
1.088819999999999899e+00
1.088750000000000107e+00
1.088670000000000027e+00
1.088600000000000012e+00
1.088529999999999998e+00
1.088459999999999983e+00
1.088389999999999969e+00
1.088310000000000111e+00
1.088240000000000096e+00
1.088170000000000082e+00
1.088100000000000067e+00
1.088030000000000053e+00
1.087960000000000038e+00
1.087900000000000089e+00
1.087830000000000075e+00
1.087760000000000060e+00
1.087690000000000046e+00
1.087620000000000031e+00
